0.9 0 0 0.1 0 0 
0.655463 0.139537 0 0.084 0.1 0.021 
0.369705 0.240752 0 0.175852 0.1729 0.04079 
0.122569 0.19502 0 0.396306 0.225596 0.060509 
0.0446914 0 0 0.663807 0.263146 0.0814466 
0.0484411 0.0458612 0 0.557598 0.294524 0.106667 
0.0552499 0 0 0.568354 0.315535 0.129564 
0.0597644 0.0487515 0 0.477417 0.330565 0.152205 
0.06503 0.000632766 0 0.495832 0.339574 0.172804 
0.0690941 0.0495612 0 0.417614 0.344787 0.192815 
0.0730755 0.00473082 0 0.438325 0.346696 0.211044 
0.0764994 0.0459721 0 0.376527 0.346305 0.228569 
0.0794501 0.0137215 0 0.391842 0.344259 0.244599 
0.0819115 0.0388636 0 0.351994 0.341122 0.259982 
0.0840092 0.0218032 0 0.356634 0.33723 0.274196 
0.085748 0.0336702 0 0.333818 0.33289 0.287746 
0.0872335 0.0266708 0 0.331297 0.32828 0.300391 
0.088479 0.0312005 0 0.318257 0.323558 0.312378 
0.0895391 0.0289066 0 0.312973 0.318818 0.323635 
0.0904476 0.0303484 0 0.304662 0.314137 0.334277 
0.0912336 0.0297363 0 0.299037 0.309563 0.344303 
0.0919185 0.030134 0 0.292919 0.305129 0.353772 
0.0925184 0.030001 0 0.28779 0.300857 0.362706 
0.093068 0.0300745 0 0.282828 0.296759 0.371142 
0.0935569 0.0300531 0 0.278313 0.292842 0.379107 
0.0940039 0.0300521 0 0.27408 0.289108 0.386628 
0.0944048 0.0300413 0 0.270139 0.285556 0.393731 
0.0947894 0.0300054 0 0.266457 0.282181 0.40044 
0.0951432 0.0299915 0 0.262983 0.278979 0.406776 
0.0954763 0.0299604 0 0.259731 0.275944 0.412761 
0.0957963 0.029928 0 0.256665 0.273069 0.418414 
0.0960964 0.0299032 0 0.253772 0.270348 0.423753 
0.0963727 0.029882 0 0.251048 0.267773 0.428797 
0.0966438 0.0298431 0 0.248487 0.265337 0.433561 
0.0969048 0.0298155 0 0.246057 0.263034 0.438062 
0.097153 0.0297889 0 0.243761 0.260856 0.442313 
0.0973922 0.02976 0 0.241594 0.258798 0.446328 
0.0976257 0.0297301 0 0.239542 0.256853 0.450121 
0.0978467 0.0297083 0 0.237598 0.255015 0.453704 
0.0980515 0.0296903 0 0.235764 0.253278 0.457089 
0.098249 0.0296645 0 0.234036 0.251637 0.460286 
0.0984362 0.0296455 0 0.232399 0.250086 0.463305 
0.098614 0.0296248 0 0.230854 0.248621 0.466158 
0.098788 0.0296009 0 0.229394 0.247238 0.468852 
0.0989559 0.0295814 0 0.228008 0.24593 0.471397 
0.0991178 0.029562 0 0.226697 0.244695 0.473801 
0.099278 0.0295399 0 0.225455 0.243529 0.476071 
0.099427 0.0295281 0 0.224275 0.242427 0.478216 
0.0995735 0.0295074 0 0.223164 0.241386 0.480241 
0.0997133 0.029494 0 0.222108 0.240402 0.482155 
