0.9 0 0 0.1 0 0 
0.655465 0.139535 0 0.084 0.1 0.021 
0.369685 0.253006 0 0.163619 0.1729 0.04079 
0.122552 0.245313 0 0.346152 0.225596 0.0603867 
0.0446499 0.0296339 0 0.581729 0.263158 0.0808289 
0.052073 0.0193556 0 0.536681 0.289286 0.102605 
0.0582451 0.0308264 0 0.481383 0.306704 0.122841 
0.0638638 0.0278689 0 0.44901 0.317744 0.141513 
0.0687727 0.0322035 0 0.41594 0.324157 0.158928 
0.0730233 0.0326129 0 0.391999 0.327225 0.175141 
0.0766541 0.0342303 0 0.370908 0.327904 0.190303 
0.079736 0.0350477 0 0.353821 0.326898 0.204497 
0.082324 0.0358487 0 0.339293 0.324724 0.217811 
0.0844979 0.0364071 0 0.32702 0.321762 0.230313 
0.0863226 0.0368382 0 0.316482 0.31829 0.242068 
0.087855 0.0371499 0 0.307355 0.314511 0.253129 
0.0891387 0.0373757 0 0.299369 0.31057 0.263546 
0.0902335 0.0375103 0 0.292321 0.306573 0.273363 
0.0911514 0.0376138 0 0.286024 0.302593 0.282618 
0.0919312 0.0376611 0 0.280377 0.298683 0.291347 
0.092609 0.037666 0 0.275264 0.294878 0.299583 
0.093209 0.0376414 0 0.270593 0.2912 0.307357 
0.0937434 0.0376022 0 0.266295 0.287664 0.314695 
0.094223 0.0375502 0 0.262325 0.284279 0.321623 
0.0946469 0.0374997 0 0.258641 0.281047 0.328165 
0.0950358 0.0374299 0 0.255222 0.277969 0.334343 
0.0953917 0.0373611 0 0.252027 0.275042 0.340178 
0.0957217 0.0372881 0 0.249037 0.272264 0.34569 
0.0960317 0.0372122 0 0.246232 0.269629 0.350896 
0.0963299 0.0371312 0 0.243594 0.267132 0.355813 
0.096609 0.037061 0 0.241104 0.264768 0.360459 
0.0968756 0.0369872 0 0.238761 0.26253 0.364847 
0.0971194 0.0369272 0 0.236549 0.260413 0.368992 
0.0973565 0.0368547 0 0.234471 0.25841 0.372908 
0.0975762 0.0367964 0 0.232503 0.256517 0.376607 
0.0977885 0.0367313 0 0.230651 0.254727 0.380102 
0.0980036 0.0366594 0 0.228899 0.253035 0.383403 
0.0982059 0.0366056 0 0.22723 0.251436 0.386522 
0.0983941 0.036556 0 0.225657 0.249925 0.389468 
0.0985709 0.0365068 0 0.224174 0.248497 0.392251 
0.0987383 0.036459 0 0.222775 0.247147 0.394881 
0.0989003 0.0364096 0 0.221453 0.245873 0.397364 
0.0990579 0.036362 0 0.220201 0.244668 0.399711 
0.099206 0.0363217 0 0.219015 0.24353 0.401927 
0.0993461 0.0362824 0 0.217896 0.242455 0.404021 
0.0994804 0.0362432 0 0.216839 0.241439 0.405999 
0.0996114 0.0362039 0 0.215838 0.240479 0.407867 
0.0997337 0.0361719 0 0.214889 0.239573 0.409632 
0.0998527 0.0361366 0 0.213995 0.238716 0.4113 
0.099969 0.0361021 0 0.213147 0.237907 0.412875 
