0.9 0 0 0.1 0 0 
0.655452 0.139548 0 0.084 0.1 0.021 
0.369686 0.265229 0 0.151395 0.1729 0.04079 
0.122565 0.29392 0 0.297655 0.225596 0.0602644 
0.0446365 0.132586 0 0.479379 0.263171 0.0802278 
0.0520282 0.0290956 0 0.528511 0.289355 0.10101 
0.0581092 0.0409254 0 0.472805 0.306915 0.121245 
0.0637279 0.0424654 0 0.435834 0.318062 0.139911 
0.0686389 0.0447909 0 0.404741 0.324555 0.157273 
0.0728817 0.0465404 0 0.379431 0.327689 0.173457 
0.0765039 0.0478917 0 0.358605 0.328421 0.188579 
0.0795872 0.048889 0 0.34133 0.327458 0.202736 
0.0821756 0.0496317 0 0.32686 0.32532 0.216012 
0.0843417 0.0501486 0 0.314641 0.322389 0.22848 
0.0861513 0.0504852 0 0.304217 0.318944 0.240203 
0.0876706 0.0506725 0 0.295235 0.315187 0.251235 
0.0889507 0.050748 0 0.287409 0.311267 0.261625 
0.0900307 0.0507427 0 0.280521 0.307288 0.271418 
0.090951 0.0506708 0 0.274402 0.303324 0.280652 
0.0917368 0.0505561 0 0.268916 0.299428 0.289364 
0.0924231 0.0503983 0 0.263959 0.295634 0.297585 
0.0930183 0.0502268 0 0.259442 0.291967 0.305345 
0.0935463 0.0500337 0 0.255307 0.288441 0.312672 
0.0940094 0.0498409 0 0.251494 0.285064 0.319592 
0.0944244 0.0496393 0 0.247971 0.281838 0.326127 
0.0948087 0.0494269 0 0.244698 0.278766 0.3323 
0.0951606 0.0492217 0 0.241641 0.275845 0.338132 
0.0954935 0.0490126 0 0.238782 0.27307 0.343642 
0.0957983 0.0488192 0 0.236096 0.270438 0.348848 
0.0960916 0.048621 0 0.233577 0.267944 0.353766 
0.0963689 0.0484333 0 0.231202 0.265581 0.358414 
0.0966307 0.0482547 0 0.228965 0.263345 0.362805 
0.096882 0.0480801 0 0.226855 0.261228 0.366955 
0.0971243 0.0479116 0 0.224863 0.259226 0.370875 
0.0973412 0.0477671 0 0.22298 0.257332 0.37458 
0.0975542 0.0476137 0 0.22121 0.255541 0.378081 
0.0977555 0.047472 0 0.219536 0.253847 0.381389 
0.0979484 0.0473356 0 0.217954 0.252247 0.384515 
0.0981297 0.0472089 0 0.216459 0.250733 0.387469 
0.0983065 0.0470828 0 0.215047 0.249303 0.39026 
0.0984762 0.0469645 0 0.21371 0.247951 0.392897 
0.0986342 0.0468572 0 0.212445 0.246674 0.39539 
0.0987923 0.0467454 0 0.211251 0.245466 0.397745 
0.0989423 0.0466446 0 0.210118 0.244325 0.39997 
0.0990884 0.0465464 0 0.209046 0.243247 0.402073 
0.0992273 0.0464558 0 0.208029 0.242228 0.404059 
0.0993578 0.046372 0 0.207068 0.241265 0.405937 
0.0994826 0.0462907 0 0.206161 0.240355 0.407711 
0.099599 0.0462163 0 0.205303 0.239495 0.409387 
0.0997184 0.0461355 0 0.204493 0.238683 0.41097 
