0.9 0 0 0.1 0 0 
0.682 0.1179 0 0.0862 0.0946 0.0193 
0.4165 0.2408 0 0.1528 0.159 0.0309 
0.172 0.2674 0 0.3272 0.1941 0.0393 
0.0614 0.1361 0 0.5451 0.214 0.0434 
0.0531 0.0486 0 0.5992 0.2447 0.0544 
0.0599 0.0401 0 0.5634 0.2729 0.0637 
0.0643 0.0438 0 0.5212 0.2964 0.0743 
0.0711 0.0415 0 0.4894 0.3081 0.0899 
0.0798 0.0424 0 0.4602 0.3163 0.1013 
0.0846 0.0461 0 0.436 0.3221 0.1112 
0.0891 0.0441 0 0.4178 0.3242 0.1248 
0.0916 0.0426 0 0.4003 0.3252 0.1403 
0.0899 0.046 0 0.3831 0.3316 0.1494 
0.0977 0.0446 0 0.3738 0.3281 0.1558 
0.0987 0.0453 0 0.3618 0.3251 0.1691 
0.1002 0.0469 0 0.3558 0.3209 0.1762 
0.1031 0.0426 0 0.3504 0.3167 0.1872 
0.1057 0.0414 0 0.3454 0.314 0.1935 
0.1029 0.0448 0 0.3365 0.3107 0.2051 
0.1093 0.0424 0 0.3354 0.3047 0.2082 
0.1072 0.0481 0 0.3274 0.2999 0.2174 
0.1063 0.0443 0 0.3274 0.2966 0.2254 
0.1056 0.0437 0 0.3202 0.2995 0.231 
0.1094 0.0428 0 0.3222 0.291 0.2346 
0.1059 0.0444 0 0.322 0.2854 0.2423 
0.1053 0.0428 0 0.3177 0.2892 0.245 
0.105 0.0416 0 0.3124 0.2863 0.2547 
0.1074 0.0408 0 0.3112 0.2811 0.2595 
0.1078 0.0411 0 0.307 0.2785 0.2656 
0.1092 0.0415 0 0.3007 0.2792 0.2694 
0.1124 0.0407 0 0.2972 0.2751 0.2746 
0.1127 0.0432 0 0.2946 0.2715 0.278 
0.1138 0.0432 0 0.2941 0.2656 0.2833 
0.1102 0.0416 0 0.2943 0.2677 0.2862 
0.1056 0.0415 0 0.2916 0.2732 0.2881 
0.108 0.0387 0 0.2881 0.2705 0.2947 
0.1078 0.0406 0 0.2837 0.27 0.2979 
0.1058 0.0426 0 0.2808 0.2686 0.3022 
0.107 0.039 0 0.2827 0.2655 0.3058 
0.1134 0.0384 0 0.2814 0.2579 0.3089 
0.1138 0.0391 0 0.2782 0.2584 0.3105 
0.1085 0.0459 0 0.2764 0.2551 0.3141 
0.1071 0.0408 0 0.2817 0.254 0.3164 
0.1086 0.038 0 0.2807 0.2524 0.3203 
0.1128 0.037 0 0.2809 0.2476 0.3217 
0.1147 0.0387 0 0.2754 0.2451 0.3261 
0.1153 0.0405 0 0.2691 0.2464 0.3287 
0.1112 0.0428 0 0.2664 0.2483 0.3313 
0.1088 0.0406 0 0.2661 0.2503 0.3342 
