0.9 0 0 0.1 0 0 
0.6818 0.12 0 0.0849 0.096 0.0173 
0.4211 0.2265 0 0.1622 0.1599 0.0303 
0.175 0.2289 0 0.3654 0.1915 0.0392 
0.0626 0.1325 0 0.54 0.2164 0.0485 
0.0484 0.0544 0 0.5952 0.2412 0.0608 
0.055 0.04 0 0.5618 0.2655 0.0777 
0.0572 0.0413 0 0.5178 0.2903 0.0934 
0.068 0.0389 0 0.4829 0.3033 0.1069 
0.0738 0.0451 0 0.4495 0.3102 0.1214 
0.0779 0.0452 0 0.4276 0.3152 0.1341 
0.0828 0.0452 0 0.4063 0.3183 0.1474 
0.0859 0.0459 0 0.3954 0.3161 0.1567 
0.0886 0.0462 0 0.3823 0.317 0.1659 
0.0868 0.0467 0 0.3704 0.3179 0.1782 
0.0915 0.0427 0 0.3652 0.3117 0.1889 
0.0953 0.0432 0 0.3555 0.3101 0.1959 
0.0971 0.044 0 0.3476 0.3118 0.1995 
0.098 0.0436 0 0.3366 0.3122 0.2096 
0.1005 0.0433 0 0.3291 0.3104 0.2167 
0.0976 0.0453 0 0.3255 0.3093 0.2223 
0.0995 0.0438 0 0.3247 0.3043 0.2277 
0.0978 0.0437 0 0.3185 0.3049 0.2351 
0.1018 0.0405 0 0.3132 0.3013 0.2432 
0.1062 0.0419 0 0.3057 0.2948 0.2514 
0.1035 0.0464 0 0.3046 0.2889 0.2566 
0.103 0.0435 0 0.3046 0.2864 0.2625 
0.1048 0.038 0 0.3053 0.2816 0.2703 
0.1013 0.0448 0 0.2972 0.282 0.2747 
0.1013 0.0389 0 0.3 0.2798 0.28 
0.1039 0.0383 0 0.2925 0.2802 0.2851 
0.1047 0.0386 0 0.2892 0.2778 0.2897 
0.1126 0.0366 0 0.2877 0.2709 0.2922 
0.1088 0.0433 0 0.2797 0.2712 0.297 
0.1126 0.0385 0 0.2811 0.2678 0.3 
0.1145 0.0404 0 0.2797 0.2612 0.3042 
0.1133 0.0401 0 0.2817 0.2577 0.3072 
0.1106 0.0425 0 0.2816 0.2549 0.3104 
0.1152 0.0393 0 0.2837 0.249 0.3128 
0.112 0.0416 0 0.282 0.2484 0.316 
0.1053 0.0432 0 0.2801 0.2519 0.3195 
0.1079 0.0351 0 0.2828 0.2539 0.3203 
0.1108 0.0368 0 0.2767 0.2533 0.3224 
0.1108 0.0388 0 0.2715 0.2514 0.3275 
0.1124 0.0384 0 0.2718 0.2485 0.3289 
0.1093 0.0405 0 0.2696 0.2505 0.3301 
0.1072 0.0401 0 0.2717 0.2493 0.3317 
0.114 0.0337 0 0.2734 0.2452 0.3337 
0.114 0.0372 0 0.2676 0.2452 0.336 
0.1074 0.0437 0 0.2668 0.2435 0.3386 
