0.9 0 0 0.1 0 0 
0.6741 0.121 0 0.087 0.0965 0.0214 
0.4142 0.2508 0 0.1461 0.1553 0.0336 
0.1688 0.308 0 0.2909 0.1962 0.0361 
0.0609 0.1944 0 0.4884 0.2172 0.0391 
0.0562 0.0582 0 0.6005 0.2395 0.0456 
0.0618 0.0409 0 0.5724 0.263 0.0619 
0.0626 0.0458 0 0.5237 0.2924 0.0755 
0.071 0.0436 0 0.4879 0.3102 0.0873 
0.0811 0.0464 0 0.4611 0.3118 0.0996 
0.0845 0.0536 0 0.4344 0.3182 0.1093 
0.0833 0.0549 0 0.4186 0.3233 0.1199 
0.0907 0.0535 0 0.4026 0.3248 0.1284 
0.0934 0.0515 0 0.3869 0.3253 0.1429 
0.093 0.0574 0 0.3739 0.3217 0.154 
0.0978 0.0549 0 0.3654 0.3156 0.1663 
0.0982 0.0546 0 0.3556 0.316 0.1756 
0.1018 0.0534 0 0.3477 0.3127 0.1844 
0.1062 0.0528 0 0.3373 0.3145 0.1892 
0.1056 0.058 0 0.3273 0.312 0.1971 
0.1038 0.0589 0 0.3254 0.3051 0.2068 
0.1005 0.0587 0 0.3268 0.3017 0.2123 
0.1033 0.0549 0 0.3231 0.2979 0.2208 
0.1034 0.0563 0 0.3146 0.2977 0.228 
0.1026 0.0527 0 0.3114 0.2989 0.2344 
0.1078 0.0511 0 0.3017 0.2964 0.243 
0.1054 0.0529 0 0.2947 0.2968 0.2502 
0.1036 0.0537 0 0.2919 0.2958 0.255 
0.1056 0.055 0 0.2863 0.2937 0.2594 
0.1106 0.0528 0 0.2845 0.2884 0.2637 
0.1094 0.0563 0 0.2795 0.2866 0.2682 
0.1105 0.0539 0 0.2803 0.2817 0.2736 
0.1133 0.0512 0 0.2818 0.2793 0.2744 
0.1138 0.0533 0 0.2779 0.2783 0.2767 
0.1155 0.0552 0 0.2777 0.2729 0.2787 
0.117 0.0532 0 0.2768 0.2721 0.2809 
0.1134 0.0563 0 0.2773 0.2704 0.2826 
0.1165 0.0563 0 0.2799 0.2629 0.2844 
0.1155 0.0567 0 0.281 0.2609 0.2859 
0.1143 0.0568 0 0.2806 0.2617 0.2866 
0.1134 0.053 0 0.2816 0.2631 0.2889 
0.1139 0.0524 0 0.2755 0.2615 0.2967 
0.1127 0.0518 0 0.275 0.261 0.2995 
0.1165 0.0522 0 0.2717 0.259 0.3006 
0.1134 0.0535 0 0.2711 0.2564 0.3056 
0.1113 0.0538 0 0.2679 0.2574 0.3096 
0.1131 0.051 0 0.2663 0.2568 0.3128 
0.1145 0.0522 0 0.2638 0.2547 0.3148 
0.1132 0.0503 0 0.2624 0.258 0.3161 
0.1156 0.05 0 0.2565 0.2608 0.3171 
