0.9 0 0 0.1 0 0 
0.758355 0.0366451 0 0.084 0.1 0.021 
0.646858 0.0392129 0 0.100239 0.1729 0.04079 
0.559668 0.038949 0 0.116034 0.225596 0.0597529 
0.492143 0.0375501 0 0.12916 0.263222 0.0779256 
0.440416 0.0355343 0 0.139105 0.289624 0.0953209 
0.401183 0.0333271 0 0.145858 0.307686 0.111946 
0.371721 0.0311479 0 0.149754 0.31957 0.127807 
0.349807 0.0291208 0 0.151261 0.326897 0.142914 
0.333659 0.0273042 0 0.150875 0.330881 0.157281 
0.321883 0.0256959 0 0.149063 0.332433 0.170926 
0.313351 0.0243264 0 0.14622 0.332232 0.18387 
0.307258 0.0231113 0 0.142705 0.330787 0.196139 
0.302999 0.0220166 0 0.138749 0.328476 0.207759 
0.300035 0.0211032 0 0.134522 0.325581 0.218759 
0.298098 0.0202103 0 0.130216 0.32231 0.229166 
0.296875 0.01944 0 0.125859 0.318816 0.23901 
0.296209 0.0187004 0 0.121562 0.315211 0.248318 
0.29595 0.0180166 0 0.11734 0.311576 0.257118 
0.295982 0.0173847 0 0.113228 0.307971 0.265435 
0.296239 0.0167805 0 0.109251 0.304434 0.273296 
0.296659 0.0162106 0 0.105411 0.300996 0.280723 
0.297189 0.01568 0 0.101715 0.297675 0.287741 
0.29781 0.0151648 0 0.0981721 0.294482 0.294371 
0.298499 0.0146708 0 0.0947717 0.291424 0.300635 
0.299228 0.0142076 0 0.0915086 0.288505 0.306551 
0.299986 0.0137658 0 0.0883864 0.285724 0.312138 
0.300773 0.0133331 0 0.0854004 0.283079 0.317415 
0.301566 0.0129308 0 0.0825369 0.280568 0.322398 
0.302371 0.0125383 0 0.0798013 0.278186 0.327104 
0.303176 0.0121667 0 0.0771815 0.275929 0.331547 
0.303982 0.0118084 0 0.0746764 0.273792 0.335741 
0.304802 0.0114489 0 0.0722788 0.27177 0.339701 
0.30561 0.0111232 0 0.0699707 0.269857 0.343439 
0.306421 0.0107982 0 0.0677655 0.268049 0.346966 
0.307225 0.0104908 0 0.0656478 0.26634 0.350296 
0.308007 0.0102122 0 0.0636179 0.264726 0.353437 
0.308788 0.00992449 0 0.0616853 0.263201 0.356402 
0.309566 0.00964763 0 0.0598273 0.26176 0.359198 
0.310328 0.00939415 0 0.058041 0.2604 0.361837 
0.311085 0.00913945 0 0.056334 0.259117 0.364325 
0.311839 0.00889059 0 0.0546927 0.257905 0.366672 
0.312582 0.00865932 0 0.0531116 0.256761 0.368886 
0.313314 0.00843552 0 0.0515953 0.255682 0.370973 
0.314044 0.00821155 0 0.0501398 0.254665 0.37294 
0.314752 0.00801422 0 0.0487351 0.253704 0.374794 
0.315449 0.0078157 0 0.0473949 0.252799 0.376542 
0.316142 0.00761631 0 0.0461079 0.251945 0.378189 
0.316823 0.00743122 0 0.044865 0.25114 0.37974 
0.317494 0.00725261 0 0.0436709 0.250381 0.381202 
