0.9 0 0 0.1 0 0 
0.743309 0.0516912 0 0.084 0.1 0.021 
0.613394 0.0604908 0 0.112425 0.1729 0.04079 
0.506989 0.0639087 0 0.143632 0.225596 0.0598748 
0.422167 0.063446 0 0.17286 0.26321 0.0783173 
0.35695 0.0600935 0 0.197251 0.289575 0.0961301 
0.308749 0.0552243 0 0.215162 0.307569 0.113296 
0.274425 0.0501299 0 0.226315 0.319347 0.129783 
0.25084 0.0455273 0 0.231544 0.326532 0.145557 
0.235272 0.0416302 0 0.23216 0.330343 0.160595 
0.225407 0.0385522 0 0.229456 0.331698 0.174886 
0.219493 0.0361597 0 0.224626 0.331285 0.188437 
0.216257 0.0342923 0 0.21857 0.32962 0.201261 
0.214865 0.0327479 0 0.211915 0.327089 0.213384 
0.214657 0.0315067 0 0.205024 0.323978 0.224834 
0.215201 0.0304706 0 0.198186 0.3205 0.235642 
0.216243 0.0295406 0 0.191564 0.316811 0.245842 
0.217555 0.028743 0 0.185212 0.313024 0.255466 
0.219048 0.027986 0 0.1792 0.309222 0.264544 
0.220604 0.0273176 0 0.173507 0.305462 0.273109 
0.222171 0.0266965 0 0.168158 0.301785 0.281189 
0.223728 0.0261025 0 0.163139 0.29822 0.288811 
0.225262 0.0255317 0 0.15842 0.294784 0.296002 
0.22677 0.0249813 0 0.153975 0.291488 0.302786 
0.228206 0.0244934 0 0.149777 0.288337 0.309186 
0.229584 0.0240177 0 0.145839 0.285334 0.315225 
0.230913 0.0235549 0 0.142132 0.282478 0.320922 
0.232189 0.0231181 0 0.138629 0.279767 0.326297 
0.233414 0.0227021 0 0.13532 0.277195 0.331369 
0.234587 0.022307 0 0.132193 0.27476 0.336153 
0.235709 0.0219345 0 0.129235 0.272454 0.340668 
0.23679 0.0215708 0 0.126439 0.270274 0.344927 
0.237834 0.0212222 0 0.123787 0.268213 0.348945 
0.238841 0.0208907 0 0.121268 0.266265 0.352735 
0.239825 0.0205623 0 0.118876 0.264425 0.356311 
0.240771 0.0202628 0 0.116594 0.262688 0.359684 
0.241687 0.0199718 0 0.114427 0.261047 0.362866 
0.242565 0.0197036 0 0.112366 0.259499 0.365867 
0.243417 0.019437 0 0.110411 0.258038 0.368697 
0.244254 0.0191732 0 0.108548 0.256658 0.371367 
0.245064 0.0189312 0 0.106764 0.255357 0.373884 
0.245864 0.0186846 0 0.105065 0.254129 0.376257 
0.246637 0.0184637 0 0.103433 0.252971 0.378495 
0.247392 0.0182443 0 0.10188 0.251879 0.380605 
0.248141 0.0180236 0 0.100394 0.250849 0.382593 
0.24885 0.0178422 0 0.0989628 0.249877 0.384467 
0.249543 0.0176517 0 0.0976106 0.248961 0.386234 
0.250203 0.0174841 0 0.0963173 0.248098 0.387898 
0.250855 0.017303 0 0.0950923 0.247283 0.389466 
0.2515 0.0171265 0 0.0939137 0.246516 0.390944 
