0.9 0 0 0.1 0 0 
0.750813 0.0441872 0 0.084 0.1 0.021 
0.630455 0.0495073 0 0.106347 0.1729 0.04079 
0.534174 0.0508573 0 0.129558 0.225596 0.059814 
0.458417 0.0499575 0 0.150291 0.263216 0.0781189 
0.400051 0.0475379 0 0.167095 0.2896 0.0957158 
0.356037 0.044408 0 0.179326 0.307628 0.112601 
0.323518 0.0411588 0 0.187098 0.319461 0.128764 
0.299959 0.0381284 0 0.190996 0.326719 0.144197 
0.283226 0.0354607 0 0.191797 0.33062 0.158897 
0.27158 0.0331957 0 0.190278 0.332075 0.17287 
0.263676 0.0312906 0 0.187134 0.331769 0.186129 
0.258479 0.0296982 0 0.182915 0.330214 0.198694 
0.255192 0.028382 0 0.178046 0.327791 0.210589 
0.253329 0.027187 0 0.172859 0.324784 0.22184 
0.252433 0.026181 0 0.167505 0.321404 0.232476 
0.252211 0.0252903 0 0.162165 0.317806 0.242528 
0.252479 0.0244626 0 0.156934 0.314101 0.252023 
0.25308 0.0237086 0 0.151847 0.310374 0.260991 
0.253909 0.0230073 0 0.146942 0.306681 0.26946 
0.25487 0.0223738 0 0.142235 0.303065 0.277456 
0.255938 0.021752 0 0.137751 0.299553 0.285006 
0.257086 0.0211508 0 0.133466 0.296164 0.292133 
0.258251 0.0206135 0 0.129364 0.29291 0.298861 
0.259413 0.0201083 0 0.125471 0.289796 0.305212 
0.260558 0.0196306 0 0.121779 0.286826 0.311206 
0.261685 0.0191717 0 0.118281 0.283999 0.316863 
0.262809 0.0187152 0 0.11496 0.281313 0.322203 
0.263927 0.0182737 0 0.111792 0.278764 0.327242 
0.265036 0.0178521 0 0.108765 0.276349 0.331998 
0.266128 0.017451 0 0.105873 0.274062 0.336486 
0.267198 0.0170718 0 0.103112 0.271898 0.34072 
0.268238 0.0167164 0 0.100479 0.269851 0.344716 
0.269268 0.0163579 0 0.0979731 0.267917 0.348485 
0.270273 0.0160252 0 0.0955725 0.266089 0.35204 
0.271241 0.0157208 0 0.0932815 0.264363 0.355394 
0.272198 0.015406 0 0.0911059 0.262733 0.358557 
0.273126 0.0151205 0 0.0890191 0.261194 0.36154 
0.274037 0.014837 0 0.087031 0.259741 0.364353 
0.274929 0.0145663 0 0.0851277 0.258371 0.367006 
0.275799 0.0143101 0 0.0833064 0.257077 0.369507 
0.276644 0.0140681 0 0.0815659 0.255857 0.371865 
0.277481 0.0138205 0 0.079905 0.254707 0.374087 
0.278317 0.0135734 0 0.0783067 0.253621 0.376182 
0.279138 0.0133467 0 0.0767616 0.252598 0.378156 
0.279933 0.0131413 0 0.0752778 0.251633 0.380016 
0.280719 0.0129277 0 0.073863 0.250723 0.381768 
0.28149 0.0127273 0 0.0724995 0.249865 0.383418 
0.282238 0.0125422 0 0.0711902 0.249057 0.384972 
0.282977 0.0123537 0 0.0699387 0.248296 0.386435 
