0.9 0 0 0.1 0 0 
0.7704 0.03048 0 0.08591 0.09347 0.01974 
0.66524 0.03702 0 0.09766 0.16244 0.03764 
0.58253 0.03921 0 0.11345 0.2111 0.05371 
0.51822 0.03768 0 0.12824 0.24827 0.06759 
0.46924 0.03497 0 0.1413 0.27273 0.08176 
0.42895 0.03453 0 0.14959 0.2929 0.09403 
0.39948 0.03245 0 0.15663 0.30481 0.10663 
0.37655 0.03026 0 0.16024 0.3151 0.11785 
0.35864 0.0282 0 0.16137 0.32142 0.13037 
0.34656 0.02672 0 0.16087 0.32292 0.14293 
0.33628 0.0259 0 0.15848 0.3251 0.15424 
0.32843 0.02409 0 0.15675 0.32628 0.16445 
0.32248 0.02305 0 0.15357 0.32615 0.17475 
0.31743 0.02253 0 0.15121 0.32451 0.18432 
0.31496 0.02041 0 0.14832 0.32222 0.19409 
0.31459 0.01959 0 0.14382 0.31909 0.20291 
0.31176 0.01921 0 0.13867 0.31828 0.21208 
0.31233 0.01809 0 0.13337 0.31518 0.22103 
0.31274 0.01752 0 0.12804 0.31202 0.22968 
0.31248 0.0173 0 0.12303 0.30935 0.23784 
0.3127 0.01682 0 0.1183 0.30656 0.24562 
0.31321 0.01581 0 0.11419 0.30388 0.25291 
0.3135 0.01555 0 0.11095 0.30075 0.25925 
0.31371 0.01554 0 0.10694 0.29837 0.26544 
0.31491 0.01452 0 0.10435 0.29465 0.27157 
0.31518 0.01479 0 0.10029 0.29211 0.27763 
0.31578 0.01384 0 0.09685 0.29066 0.28287 
0.31759 0.01292 0 0.09356 0.28752 0.28841 
0.31834 0.01267 0 0.09072 0.28574 0.29253 
0.31903 0.01278 0 0.0878 0.28421 0.29618 
0.32 0.01199 0 0.08583 0.28179 0.30039 
0.32031 0.01106 0 0.08333 0.27929 0.30601 
0.32115 0.01122 0 0.08002 0.27688 0.31073 
0.3207 0.01111 0 0.07761 0.27529 0.31529 
0.3215 0.01089 0 0.07499 0.27423 0.31839 
0.32342 0.00981 0 0.0728 0.27197 0.322 
0.32478 0.01007 0 0.06971 0.26943 0.32601 
0.32571 0.01004 0 0.06722 0.26803 0.329 
0.32447 0.01004 0 0.06544 0.26812 0.33193 
0.32431 0.00956 0 0.06352 0.26758 0.33503 
0.32503 0.00899 0 0.06241 0.2656 0.33797 
0.32638 0.00862 0 0.061 0.26281 0.34119 
0.32821 0.00877 0 0.05878 0.26195 0.34229 
0.32777 0.00876 0 0.05729 0.26169 0.34449 
0.32875 0.00811 0 0.05664 0.25983 0.34667 
0.33019 0.00785 0 0.05451 0.25799 0.34946 
0.3316 0.00787 0 0.05266 0.25677 0.3511 
0.33185 0.00784 0 0.05128 0.25648 0.35255 
0.33176 0.00751 0 0.05053 0.25488 0.35532 
