0.9 0 0 0.1 0 0 
0.7554 0.0371 0 0.0869 0.1007 0.0199 
0.6435 0.0436 0 0.105 0.1716 0.0363 
0.5587 0.0479 0 0.1252 0.2196 0.0486 
0.4937 0.0494 0 0.1459 0.2521 0.0589 
0.4342 0.0496 0 0.1668 0.2754 0.074 
0.3941 0.0476 0 0.1842 0.2877 0.0864 
0.3652 0.0433 0 0.1954 0.299 0.0971 
0.3373 0.0378 0 0.2045 0.3107 0.1097 
0.313 0.0374 0 0.2051 0.3214 0.1231 
0.2959 0.0325 0 0.2072 0.3286 0.1358 
0.2872 0.0373 0 0.2048 0.327 0.1437 
0.2824 0.0311 0 0.2048 0.3285 0.1532 
0.2781 0.0304 0 0.2027 0.3263 0.1625 
0.2762 0.0284 0 0.1985 0.3242 0.1727 
0.2698 0.0274 0 0.1942 0.3269 0.1817 
0.2704 0.0259 0 0.1887 0.3235 0.1915 
0.2682 0.0252 0 0.1824 0.3248 0.1994 
0.2684 0.0268 0 0.1758 0.322 0.207 
0.2689 0.0221 0 0.1715 0.3235 0.214 
0.2696 0.0232 0 0.1661 0.3214 0.2197 
0.2679 0.0223 0 0.1593 0.319 0.2315 
0.2757 0.0211 0 0.1525 0.3144 0.2363 
0.2778 0.0209 0 0.1504 0.3068 0.2441 
0.2744 0.0187 0 0.1458 0.3081 0.253 
0.2798 0.0187 0 0.1381 0.3023 0.2611 
0.2836 0.0202 0 0.1335 0.2948 0.2679 
0.2858 0.0201 0 0.1297 0.2902 0.2742 
0.2882 0.0198 0 0.128 0.2858 0.2782 
0.2944 0.0169 0 0.1245 0.282 0.2822 
0.296 0.0171 0 0.1205 0.2811 0.2853 
0.2933 0.0171 0 0.1193 0.2821 0.2882 
0.2919 0.0154 0 0.1159 0.2832 0.2936 
0.2927 0.0177 0 0.1098 0.2801 0.2997 
0.29 0.0185 0 0.1077 0.2804 0.3034 
0.2912 0.0158 0 0.1089 0.2765 0.3076 
0.2914 0.0162 0 0.1071 0.2717 0.3136 
0.2942 0.0141 0 0.1041 0.2717 0.3159 
0.2937 0.0147 0 0.1005 0.2721 0.319 
0.295 0.0142 0 0.0969 0.2695 0.3244 
0.2957 0.0146 0 0.0954 0.2669 0.3274 
0.2963 0.0132 0 0.0937 0.2653 0.3315 
0.2963 0.0139 0 0.0881 0.2636 0.3381 
0.296 0.014 0 0.0873 0.2617 0.341 
0.2972 0.0125 0 0.0867 0.2607 0.3429 
0.2972 0.0115 0 0.084 0.2637 0.3436 
0.3039 0.0138 0 0.081 0.2581 0.3432 
0.3039 0.0156 0 0.081 0.2565 0.343 
0.3011 0.0129 0 0.0817 0.2595 0.3448 
0.3014 0.0114 0 0.0796 0.261 0.3466 
