0.9 0 0 0.1 0 0 
0.7596 0.0408 0 0.086 0.094 0.0196 
0.6379 0.0552 0 0.1085 0.1612 0.0372 
0.5429 0.0583 0 0.1391 0.2107 0.049 
0.4568 0.0605 0 0.1695 0.2478 0.0654 
0.387 0.0655 0 0.1928 0.2734 0.0813 
0.3392 0.0573 0 0.2184 0.2919 0.0932 
0.2996 0.0526 0 0.2352 0.3083 0.1043 
0.2813 0.0488 0 0.2423 0.3129 0.1147 
0.2608 0.0458 0 0.2463 0.3221 0.125 
0.2479 0.0396 0 0.249 0.3285 0.135 
0.242 0.0387 0 0.2443 0.3308 0.1442 
0.2424 0.0357 0 0.2402 0.3277 0.154 
0.244 0.033 0 0.2344 0.3268 0.1618 
0.2428 0.0343 0 0.2278 0.3226 0.1725 
0.2402 0.0331 0 0.2215 0.3216 0.1836 
0.2397 0.0331 0 0.2156 0.3183 0.1933 
0.2412 0.0315 0 0.2088 0.315 0.2035 
0.2406 0.0291 0 0.2054 0.3157 0.2092 
0.2416 0.0284 0 0.2005 0.315 0.2145 
0.2489 0.025 0 0.1937 0.3097 0.2227 
0.2434 0.0294 0 0.1886 0.3106 0.228 
0.2448 0.0269 0 0.1858 0.3052 0.2373 
0.2484 0.0255 0 0.1814 0.2991 0.2456 
0.2524 0.0241 0 0.1785 0.2952 0.2498 
0.2542 0.0265 0 0.1723 0.2919 0.2551 
0.2563 0.0252 0 0.1708 0.2897 0.258 
0.2564 0.0281 0 0.166 0.2841 0.2654 
0.2601 0.0256 0 0.1634 0.2822 0.2687 
0.2597 0.0227 0 0.1601 0.2848 0.2727 
0.2628 0.0198 0 0.153 0.2854 0.279 
0.2689 0.0203 0 0.1473 0.2803 0.2832 
0.2628 0.0246 0 0.1408 0.28 0.2918 
0.2618 0.0217 0 0.1404 0.2807 0.2954 
0.2572 0.0238 0 0.1381 0.277 0.3039 
0.262 0.0197 0 0.1365 0.2741 0.3077 
0.2612 0.0204 0 0.1336 0.2752 0.3096 
0.2566 0.0217 0 0.1303 0.2752 0.3162 
0.2588 0.0209 0 0.1277 0.2723 0.3203 
0.2636 0.0175 0 0.1261 0.2689 0.3239 
0.2598 0.0211 0 0.1238 0.2691 0.3262 
0.2682 0.0199 0 0.1235 0.2618 0.3266 
0.2688 0.019 0 0.1219 0.2608 0.3295 
0.2683 0.0184 0 0.1203 0.2636 0.3294 
0.2666 0.0188 0 0.118 0.2644 0.3322 
0.2673 0.0185 0 0.1128 0.2651 0.3363 
0.2689 0.02 0 0.1102 0.263 0.3379 
0.2693 0.0199 0 0.1106 0.2588 0.3414 
0.2691 0.017 0 0.1105 0.2585 0.3449 
0.2694 0.0163 0 0.1112 0.2559 0.3472 
