0.9 0 0 0.1 0 0 
0.784274 0.0107256 0 0.084 0.1 0.021 
0.697742 0.00932144 0 0.079247 0.1729 0.04079 
0.632957 0.0077922 0 0.0741119 0.225596 0.059543 
0.584348 0.00654618 0 0.068556 0.263243 0.0773069 
0.547748 0.00554702 0 0.062877 0.289701 0.0941272 
0.520051 0.0047408 0 0.0572955 0.307863 0.11005 
0.498952 0.00408234 0 0.0519529 0.319893 0.12512 
0.48274 0.00353742 0 0.0469314 0.327407 0.139384 
0.470143 0.00308433 0 0.0422719 0.331617 0.152884 
0.460221 0.00270146 0 0.0379913 0.333425 0.165662 
0.45228 0.00237305 0 0.034086 0.333502 0.177759 
0.445807 0.00209006 0 0.0305402 0.332351 0.189212 
0.440423 0.00184458 0 0.0273334 0.330342 0.200057 
0.43585 0.00163049 0 0.0244416 0.327751 0.210327 
0.431882 0.00144194 0 0.0218401 0.32478 0.220055 
0.42837 0.00127635 0 0.0195029 0.32158 0.229271 
0.425203 0.0011304 0 0.0174065 0.318258 0.238002 
0.422301 0.00100123 0 0.0155281 0.314893 0.246276 
0.419607 0.000886809 0 0.0138464 0.311542 0.254118 
0.417077 0.000785818 0 0.0123419 0.308245 0.26155 
0.414682 0.000696326 0 0.010997 0.305029 0.268596 
0.4124 0.000616682 0 0.00979544 0.301912 0.275276 
0.410215 0.000546185 0 0.00872223 0.298906 0.281611 
0.408116 0.000483583 0 0.00776418 0.296019 0.287617 
0.406096 0.000428129 0 0.00690922 0.293252 0.293314 
0.404149 0.00037917 0 0.0061466 0.290608 0.298717 
0.40227 0.000335696 0 0.00546676 0.288084 0.303843 
0.400458 0.000296991 0 0.00486085 0.285679 0.308706 
0.398709 0.000262796 0 0.00432088 0.283389 0.313319 
0.397022 0.000232593 0 0.00383991 0.281209 0.317696 
0.395395 0.000205785 0 0.0034117 0.279138 0.32185 
0.393828 0.00018211 0 0.00303054 0.277168 0.325791 
0.392318 0.000161084 0 0.00269141 0.275297 0.329532 
0.390866 0.000142483 0 0.0023897 0.27352 0.333082 
0.389469 0.00012599 0 0.00212138 0.271831 0.336452 
0.388127 0.000111452 0 0.00188278 0.270228 0.339651 
0.386837 9.8545e-05 0 0.00167072 0.268706 0.342687 
0.3856 8.71533e-05 0 0.00148226 0.267261 0.345569 
0.384414 7.70609e-05 0 0.00131484 0.265889 0.348306 
0.383276 6.81359e-05 0 0.00116612 0.264586 0.350904 
0.382186 6.02581e-05 0 0.00103406 0.263349 0.35337 
0.381143 5.32916e-05 0 0.000916826 0.262175 0.355712 
0.380145 4.71283e-05 0 0.000812773 0.26106 0.357936 
0.37919 4.16637e-05 0 0.000720436 0.260001 0.360047 
0.378277 3.68223e-05 0 0.000638501 0.258996 0.362052 
0.377404 3.25462e-05 0 0.000565802 0.258042 0.363956 
0.37657 2.87554e-05 0 0.000501312 0.257136 0.365763 
0.375775 2.54159e-05 0 0.000444108 0.256276 0.36748 
0.375015 2.24646e-05 0 0.000393385 0.255459 0.369111 
