41
20
52
41
63
122
82
31
99
106
79
82
70
76
57
17
47
62
28
54
54
33
20
52
57
26
52
56
33
21
22
27
37
32
20
20
28
21
13
22
18
12
24
30
26
28
24
29
31
14
20
31
35
38
24
31
6
27
18
19
19
17
14
18
26
25
17
25
13
20
14
16
27
19
23
15
14
16
13
18
23
16
14
19
10
23
22
8
28
12
21
16
17
23
21
15
10
19
16
6
11
27
15
20
17
15
25
6
9
13
23
16
9
5
14
14
18
14
9
13
14
27
9
28
7
13
15
8
15
24
11
17
13
10
10
17
11
6
25
15
10
20
7
16
12
18
9
8
10
16
8
20
6
9
7
11
9
15
9
8
23
14
9
16
13
10
8
11
10
21
14
23
15
18
7
6
9
8
15
8
13
14
16
11
12
8
10
13
10
8
5
13
16
6
12
11
18
9
10
8
17
8
16
22
9
9
9
11
18
14
11
11
12
8
12
20
20
11
19
8
22
8
13
17
6
18
9
15
12
9
6
9
9
7
5
19
10
5
15
15
12
12
12
8
13
10
5
13
7
10
7
16
8
14
12
8
14
8
7
8
8
6
8
6
12
6
10
7
17
7
10
8
11
6
11
11
10
8
13
11
8
10
8
9
10
9
8
9
7
8
11
13
5
12
10
12
11
9
11
10
9
12
8
13
9
6
12
6
10
12
7
12
8
8
12
5
12
10
6
5
10
13
9
10
9
8
12
9
8
10
5
6
9
7
9
7
10
10
8
7
7
6
8
7
10
6
8
10
7
9
6
7
14
7
8
7
8
9
6
7
11
10
8
5
9
9
6
5
5
11
7
5
8
6
7
5
10
15
17
10
7
6
11
7
9
7
7
11
5
6
10
8
10
7
9
9
11
6
14
11
8
10
8
5
10
8
5
7
10
9
7
9
7
8
9
7
8
12
8
8
10
5
10
6
7
6
8
9
7
9
11
6
6
5
6
5
6
9
13
5
6
9
9
5
7
8
7
6
8
8
11
10
6
9
5
8
7
8
6
7
5
6
9
7
5
7
9
6
10
9
10
8
7
8
6
5
6
10
6
8
9
10
8
6
9
9
6
7
6
7
5
6
7
7
5
7
8
9
5
9
8
7
5
8
6
9
5
5
5
6
8
7
8
6
6
9
8
6
6
7
8
6
7
6
9
7
6
5
6
9
6
8
7
8
5
7
5
7
7
7
6
6
7
6
7
7
10
9
8
7
6
5
6
8
6
6
6
7
6
6
8
6
5
8
7
5
5
5
5
5
5
6
8
7
5
6
9
5
8
7
6
5
5
5
5
5
6
6
7
6
8
7
7
6
7
5
6
7
5
7
7
7
7
8
7
6
7
6
7
7
5
5
5
7
6
6
6
6
6
5
7
7
6
6
5
10
6
5
6
5
5
5
6
7
6
6
8
6
5
5
5
5
5
5
6
6
10
9
5
6
6
5
7
6
5
5
7
6
6
7
8
6
5
6
6
5
7
6
6
6
5
5
5
5
6
6
8
5
8
5
5
8
6
5
6
6
7
7
8
6
7
7
6
5
5
5
7
5
5
7
6
5
7
5
5
6
8
5
9
5
6
6
6
6
5
6
5
5
5
5
5
7
6
6
6
5
5
7
9
5
5
6
5
5
5
6
9
5
5
6
7
6
6
7
7
7
7
5
8
5
7
6
6
7
6
7
5
8
6
5
5
9
5
5
5
5
6
6
5
5
5
5
5
5
5
5
5
7
6
5
6
5
6
7
5
5
5
5
7
7
5
6
7
7
5
5
6
5
5
6
5
6
6
5
7
9
8
5
5
7
6
6
6
5
5
5
5
5
5
6
5
5
5
5
5
5
5
6
5
5
5
6
5
6
5
6
5
6
6
5
5
5
5
5
6
5
5
5
5
6
5
5
6
5
5
7
5
5
5
7
5
5
5
5
5
5
6
5
5
7
5
5
5
5
5
5
5
5
5
5
5
6
5
5
8
6
5
5
5
6
5
5
5
5
5
6
5
5
5
5
5
5
5
5
5
6
5
5
5
5
6
5
5
5
5
5
5
5
6
5
6
5
5
5
6
5
6
5
5
5
6
5
5
5
6
5
5
5
5
5
5
5
6
5
5
5
5
5
5
5
5
6
6
5
5
6
5
5
5
5
5
5
5
5
5
5
5
5
5
5
5
5
5
5
5
5
5
5
5
5
5
5
5
5
5
5
5
5
5
5
5
5
5
5
5
5
5
5
5
5
