0.9 0 0 0.1 0 0 
0.253 0.541 0 0.084 0.096 0.026 
0.167 0.428 0 0.206 0.17 0.029 
0.049 0.425 0 0.278 0.209 0.039 
0.038 0.315 0 0.341 0.262 0.044 
0.045 0.232 0 0.384 0.284 0.055 
0.05 0.185 0 0.395 0.294 0.076 
0.042 0.169 0 0.375 0.325 0.089 
0.048 0.14 0 0.364 0.339 0.109 
0.046 0.133 0 0.337 0.361 0.123 
0.062 0.124 0 0.322 0.361 0.131 
0.054 0.135 0 0.316 0.345 0.15 
0.052 0.14 0 0.293 0.352 0.163 
0.044 0.136 0 0.293 0.353 0.174 
0.061 0.139 0 0.274 0.327 0.199 
0.049 0.138 0 0.277 0.335 0.201 
0.05 0.139 0 0.265 0.331 0.215 
0.059 0.138 0 0.257 0.313 0.233 
0.044 0.15 0 0.249 0.32 0.237 
0.052 0.121 0 0.259 0.312 0.256 
0.051 0.12 0 0.253 0.308 0.268 
0.046 0.13 0 0.238 0.308 0.278 
0.047 0.128 0 0.235 0.301 0.289 
0.058 0.126 0 0.232 0.292 0.292 
0.047 0.147 0 0.229 0.268 0.309 
0.045 0.14 0 0.233 0.271 0.311 
0.052 0.135 0 0.223 0.272 0.318 
0.046 0.138 0 0.225 0.271 0.32 
0.044 0.133 0 0.233 0.265 0.325 
0.045 0.125 0 0.233 0.263 0.334 
0.054 0.125 0 0.23 0.251 0.34 
0.041 0.118 0 0.234 0.257 0.35 
0.046 0.119 0 0.232 0.247 0.356 
0.051 0.116 0 0.225 0.253 0.355 
0.044 0.126 0 0.219 0.253 0.358 
0.054 0.123 0 0.214 0.242 0.367 
0.048 0.131 0 0.211 0.236 0.374 
0.047 0.122 0 0.205 0.25 0.376 
0.059 0.122 0 0.199 0.232 0.388 
0.047 0.123 0 0.213 0.226 0.391 
0.047 0.123 0 0.223 0.217 0.39 
0.043 0.121 0 0.217 0.225 0.394 
0.043 0.116 0 0.218 0.22 0.403 
0.04 0.118 0 0.214 0.221 0.407 
0.049 0.1 0 0.217 0.225 0.409 
0.049 0.106 0 0.21 0.215 0.42 
0.042 0.109 0 0.208 0.22 0.421 
0.04 0.111 0 0.195 0.228 0.426 
0.039 0.11 0 0.196 0.227 0.428 
0.043 0.096 0 0.199 0.236 0.426 
