0.9 0 0 0.1 0 0 
0.152 0.703 0 0.081 0.054 0.01 
0.127 0.472 0 0.228 0.101 0.072 
0.064 0.394 0 0.328 0.126 0.088 
0.06 0.288 0 0.387 0.14 0.125 
0.068 0.225 0 0.402 0.171 0.134 
0.084 0.208 0 0.396 0.173 0.139 
0.091 0.206 0 0.37 0.19 0.143 
0.1 0.207 0 0.376 0.177 0.14 
0.094 0.23 0 0.361 0.169 0.146 
0.106 0.228 0 0.379 0.169 0.118 
0.092 0.245 0 0.38 0.153 0.13 
0.068 0.24 0 0.377 0.174 0.141 
0.097 0.202 0 0.393 0.173 0.135 
0.093 0.21 0 0.38 0.181 0.136 
0.09 0.223 0 0.372 0.166 0.149 
0.087 0.226 0 0.372 0.178 0.137 
0.084 0.207 0 0.372 0.188 0.149 
0.097 0.213 0 0.362 0.171 0.157 
0.094 0.229 0 0.366 0.188 0.123 
0.08 0.227 0 0.375 0.173 0.145 
0.087 0.211 0 0.369 0.186 0.147 
0.091 0.23 0 0.352 0.179 0.148 
0.091 0.222 0 0.358 0.175 0.154 
0.085 0.227 0 0.357 0.185 0.146 
0.09 0.224 0 0.359 0.182 0.145 
0.099 0.22 0 0.375 0.166 0.14 
0.083 0.234 0 0.368 0.186 0.129 
0.098 0.233 0 0.372 0.165 0.132 
0.073 0.236 0 0.365 0.174 0.152 
0.084 0.219 0 0.359 0.197 0.141 
0.096 0.211 0 0.358 0.185 0.15 
0.096 0.215 0 0.358 0.189 0.142 
0.09 0.233 0 0.356 0.165 0.156 
0.08 0.225 0 0.366 0.184 0.145 
0.085 0.219 0 0.367 0.174 0.155 
0.094 0.208 0 0.375 0.185 0.138 
0.093 0.217 0 0.378 0.182 0.13 
0.089 0.222 0 0.381 0.16 0.148 
0.066 0.214 0 0.392 0.186 0.142 
0.084 0.193 0 0.382 0.187 0.154 
0.085 0.209 0 0.364 0.187 0.155 
0.088 0.211 0 0.335 0.201 0.165 
0.092 0.219 0 0.338 0.182 0.169 
0.1 0.221 0 0.331 0.197 0.151 
0.082 0.224 0 0.352 0.167 0.175 
0.102 0.221 0 0.349 0.189 0.139 
0.097 0.243 0 0.35 0.172 0.138 
0.083 0.244 0 0.357 0.178 0.138 
0.062 0.226 0 0.371 0.183 0.158 
